  62
Ad1        0.0000 0.8143 0.5731 0.8541 0.6755 0.6930 0.7372 0.6057 0.6955 0.7132 0.5842 0.6221 0.6427 0.8584 0.8439 0.5948 0.6168 0.6734 0.7647 0.3767 0.7810 0.7661 0.6424 0.6547 0.8734 0.6904 0.6654 0.7333 0.6484 0.7347 0.7417 0.6823 0.8745 0.6292 0.6541 0.6796 0.6785 0.7541 0.8204 0.5690 0.8357 0.7050 0.7020 0.8324 0.8344 0.7075 0.6201 0.6268 0.7060 0.6192 0.7037 0.7821 0.5925 0.9971 0.6628 0.6255 0.6628 0.6351 0.6189 0.6583 0.6641 0.6538
Ad2        0.8143 0.0000 0.6745 0.1479 0.7673 0.7932 0.5845 0.7997 0.7555 0.7984 0.7956 0.8200 0.6146 0.7250 0.1475 0.7898 0.8169 0.8234 0.3365 0.8151 0.7995 0.7535 0.6899 0.7607 0.8218 0.8179 0.4018 0.4849 0.8241 0.4384 0.7781 0.8144 0.8440 0.8035 0.6530 0.8048 0.6190 0.8207 0.2391 0.7972 0.8170 0.5749 0.6519 0.1443 0.1489 0.7684 0.8074 0.7728 0.7974 0.8069 0.4383 0.2723 0.7054 0.8296 0.8014 0.8086 0.5369 0.7644 0.7892 0.7842 0.7843 0.8222
Ad3        0.5731 0.6745 0.0000 0.7270 0.6062 0.6199 0.5630 0.5275 0.6223 0.6205 0.5673 0.6005 0.4792 0.7664 0.7232 0.5535 0.5373 0.6361 0.5889 0.5769 0.7384 0.7187 0.5291 0.5854 0.8007 0.6321 0.4515 0.6433 0.5553 0.5910 0.6914 0.6710 0.8053 0.5477 0.5330 0.6064 0.5372 0.7200 0.6925 0.5294 0.7795 0.5835 0.6245 0.7087 0.7085 0.6352 0.5989 0.5730 0.6232 0.5968 0.5650 0.6407 0.4744 0.9339 0.5757 0.5608 0.4825 0.5921 0.5800 0.6232 0.6132 0.6264
Ad4        0.8541 0.1479 0.7270 0.0000 0.8045 0.8352 0.6308 0.8507 0.7867 0.8262 0.8409 0.8519 0.6558 0.7305 0.0324 0.8432 0.8552 0.8541 0.3728 0.8569 0.8300 0.7700 0.7249 0.7879 0.8436 0.8484 0.4494 0.5010 0.8564 0.4689 0.8184 0.8466 0.8576 0.8528 0.7055 0.8454 0.6673 0.8514 0.2048 0.8451 0.8300 0.6177 0.6626 0.0557 0.0549 0.8052 0.8504 0.8092 0.8466 0.8410 0.4794 0.2799 0.7608 0.8225 0.8594 0.8536 0.5910 0.8046 0.8418 0.8255 0.8246 0.8516
Bo1        0.6755 0.7673 0.6062 0.8045 0.0000 0.6988 0.6747 0.6431 0.6643 0.7269 0.5829 0.6802 0.6282 0.8687 0.7991 0.5671 0.6765 0.6791 0.7164 0.6802 0.7439 0.8015 0.6518 0.6624 0.8545 0.7433 0.6561 0.6849 0.7096 0.6945 0.6525 0.6933 0.8350 0.6525 0.5953 0.6714 0.6690 0.7321 0.7904 0.6149 0.8291 0.6599 0.6488 0.7878 0.7872 0.3443 0.5963 0.5627 0.6769 0.6103 0.7134 0.7182 0.5275 0.9531 0.6716 0.6396 0.6141 0.6263 0.5716 0.6226 0.6453 0.7049
Bo2        0.6930 0.7932 0.6199 0.8352 0.6988 0.0000 0.6290 0.6414 0.6915 0.6290 0.6849 0.7415 0.6656 0.9063 0.8268 0.6916 0.6935 0.6717 0.7185 0.6927 0.6953 0.7911 0.6584 0.6908 0.7786 0.6481 0.6633 0.7642 0.7062 0.7217 0.6211 0.7228 0.7621 0.5945 0.6273 0.7063 0.6668 0.6314 0.7872 0.6066 0.7194 0.6824 0.7507 0.8187 0.8161 0.7185 0.6803 0.6853 0.5917 0.6980 0.7363 0.7341 0.6444 0.9511 0.5949 0.6718 0.6386 0.6760 0.7172 0.6968 0.7027 0.7394
Bw         0.7372 0.5845 0.5630 0.6308 0.6747 0.6290 0.0000 0.6701 0.7058 0.6476 0.6870 0.7329 0.5039 0.7819 0.6289 0.6945 0.7258 0.7070 0.4863 0.7104 0.7423 0.6980 0.5802 0.6559 0.7542 0.6769 0.4837 0.5616 0.7348 0.5698 0.6650 0.7458 0.7409 0.6102 0.5629 0.6580 0.5397 0.7031 0.5776 0.6625 0.7052 0.4914 0.6235 0.6154 0.6143 0.6849 0.7056 0.6624 0.6029 0.6949 0.5367 0.5563 0.5907 0.8770 0.5434 0.6864 0.4211 0.6731 0.6949 0.7011 0.6916 0.7412
Ch         0.6057 0.7997 0.5275 0.8507 0.6431 0.6414 0.6701 0.0000 0.6026 0.6473 0.5596 0.6178 0.5717 0.7953 0.8408 0.5732 0.4762 0.6086 0.7009 0.5644 0.7024 0.7725 0.5637 0.5389 0.8366 0.6530 0.6257 0.7646 0.4949 0.6783 0.7462 0.5841 0.8065 0.5185 0.6250 0.5835 0.6634 0.7077 0.8155 0.4844 0.7134 0.7328 0.7114 0.8348 0.8347 0.7082 0.5618 0.6279 0.6286 0.5782 0.7172 0.7413 0.5391 0.9081 0.5829 0.5514 0.6064 0.5489 0.5688 0.5999 0.6051 0.6000
Cn         0.6955 0.7555 0.6223 0.7867 0.6643 0.6915 0.7058 0.6026 0.0000 0.7900 0.6604 0.7232 0.6316 0.8122 0.7760 0.6572 0.7281 0.6268 0.7237 0.7146 0.6740 0.8347 0.5925 0.6195 0.8697 0.8194 0.6569 0.7101 0.7544 0.6342 0.7365 0.5584 0.8714 0.6993 0.6682 0.6676 0.6608 0.6782 0.7806 0.6141 0.7567 0.7333 0.6910 0.7751 0.7712 0.7174 0.6204 0.6797 0.7231 0.6598 0.6996 0.6676 0.5958 0.8990 0.7534 0.6788 0.6493 0.5737 0.6600 0.5885 0.6265 0.6348
Cp         0.7132 0.7984 0.6205 0.8262 0.7269 0.6290 0.6476 0.6473 0.7900 0.0000 0.6737 0.7425 0.6362 0.8626 0.8210 0.6635 0.5714 0.7353 0.6470 0.6710 0.7892 0.7135 0.7086 0.6737 0.8294 0.3401 0.6853 0.8221 0.5981 0.7682 0.6702 0.7787 0.6429 0.5026 0.5894 0.7458 0.6588 0.6596 0.7975 0.5849 0.6855 0.6657 0.8064 0.8218 0.8211 0.7495 0.7162 0.6976 0.5234 0.7219 0.7500 0.7732 0.6181 0.9614 0.4940 0.6375 0.6109 0.7034 0.6753 0.7775 0.7232 0.7868
Cx1        0.5842 0.7956 0.5673 0.8409 0.5829 0.6849 0.6870 0.5596 0.6604 0.6737 0.0000 0.2944 0.6022 0.8154 0.8335 0.5397 0.5442 0.6699 0.7220 0.5421 0.7643 0.6948 0.6441 0.6051 0.8907 0.6606 0.6444 0.6837 0.5761 0.7315 0.7240 0.6465 0.8622 0.5503 0.6251 0.6577 0.6372 0.7225 0.8027 0.5065 0.8287 0.4659 0.6558 0.8195 0.8206 0.6526 0.4843 0.5578 0.6509 0.5897 0.6928 0.7589 0.5577 0.9328 0.6308 0.5870 0.6095 0.6104 0.5688 0.5131 0.6327 0.5075
Cx2        0.6221 0.8200 0.6005 0.8519 0.6802 0.7415 0.7329 0.6178 0.7232 0.7425 0.2944 0.0000 0.6474 0.8752 0.8445 0.6455 0.6264 0.7141 0.7701 0.6102 0.7820 0.7127 0.6802 0.6911 0.9163 0.7232 0.6951 0.7436 0.6505 0.7737 0.7983 0.7264 0.9209 0.6167 0.7079 0.6569 0.7066 0.7718 0.8106 0.5806 0.8811 0.6068 0.7286 0.8339 0.8333 0.7339 0.5198 0.6163 0.7033 0.6721 0.7210 0.7945 0.6394 0.9835 0.6935 0.6830 0.6715 0.6777 0.6622 0.6062 0.7261 0.4406
Dd         0.6427 0.6146 0.4792 0.6558 0.6282 0.6656 0.5039 0.5717 0.6316 0.6362 0.6022 0.6474 0.0000 0.7405 0.6514 0.5747 0.5841 0.6001 0.5182 0.6243 0.7266 0.6463 0.5112 0.6244 0.8049 0.6466 0.4491 0.5470 0.6003 0.5488 0.6922 0.6959 0.7823 0.5634 0.5559 0.6361 0.5339 0.7124 0.6127 0.5834 0.7644 0.5475 0.5929 0.6378 0.6368 0.6580 0.6237 0.6232 0.6432 0.6240 0.5124 0.5938 0.5137 0.8939 0.5971 0.6198 0.4468 0.6086 0.6053 0.6394 0.6690 0.6812
Dl         0.8584 0.7250 0.7664 0.7305 0.8687 0.9063 0.7819 0.7953 0.8122 0.8626 0.8154 0.8752 0.7405 0.0000 0.7251 0.8862 0.8352 0.8840 0.6905 0.8203 0.9033 0.8312 0.7647 0.7783 0.9512 0.8887 0.6998 0.7692 0.8535 0.7242 0.9489 0.8475 0.9856 0.8275 0.8152 0.8552 0.7610 0.8643 0.7293 0.8076 0.9119 0.7759 0.7677 0.7244 0.7216 0.8822 0.8875 0.8454 0.8921 0.8663 0.7244 0.7092 0.7910 1.0000 0.8463 0.8657 0.7114 0.7877 0.8610 0.8616 0.8412 0.8414
Do         0.8439 0.1475 0.7232 0.0324 0.7991 0.8268 0.6289 0.8408 0.7760 0.8210 0.8335 0.8445 0.6514 0.7251 0.0000 0.8361 0.8511 0.8461 0.3710 0.8489 0.8210 0.7685 0.7194 0.7800 0.8363 0.8434 0.4461 0.5009 0.8527 0.4642 0.8112 0.8369 0.8520 0.8427 0.6995 0.8390 0.6647 0.8440 0.2092 0.8339 0.8216 0.6162 0.6584 0.0619 0.0615 0.7999 0.8416 0.8024 0.8388 0.8348 0.4790 0.2767 0.7532 0.8192 0.8522 0.8476 0.5869 0.7959 0.8349 0.8176 0.8155 0.8424
Ds1        0.5948 0.7898 0.5535 0.8432 0.5671 0.6916 0.6945 0.5732 0.6572 0.6635 0.5397 0.6455 0.5747 0.8862 0.8361 0.0000 0.5792 0.6114 0.7154 0.5841 0.7857 0.7830 0.6416 0.6083 0.8900 0.6847 0.6419 0.7375 0.6165 0.6984 0.6373 0.6622 0.7830 0.5761 0.5480 0.6698 0.6450 0.7172 0.8207 0.5407 0.8379 0.6503 0.6933 0.8297 0.8304 0.6096 0.5703 0.6148 0.6390 0.5796 0.7020 0.7571 0.3793 0.9793 0.6262 0.5638 0.6262 0.5670 0.2920 0.6030 0.6173 0.6642
El         0.6168 0.8169 0.5373 0.8552 0.6765 0.6935 0.7258 0.4762 0.7281 0.5714 0.5442 0.6264 0.5841 0.8352 0.8511 0.5792 0.0000 0.6657 0.7313 0.5356 0.7970 0.7379 0.6515 0.6328 0.9041 0.5745 0.6236 0.7923 0.2080 0.7599 0.7760 0.6941 0.8622 0.4562 0.6539 0.6880 0.6946 0.7771 0.8354 0.4623 0.8233 0.7213 0.7488 0.8445 0.8444 0.7357 0.6295 0.6297 0.6386 0.6002 0.7458 0.8009 0.5837 0.9728 0.6082 0.5736 0.6278 0.6550 0.6037 0.6831 0.6708 0.6909
En1        0.6734 0.8234 0.6361 0.8541 0.6791 0.6717 0.7070 0.6086 0.6268 0.7353 0.6699 0.7141 0.6001 0.8840 0.8461 0.6114 0.6657 0.0000 0.7451 0.6988 0.6475 0.8325 0.5830 0.6595 0.8611 0.7384 0.6936 0.7314 0.6822 0.6837 0.6754 0.6257 0.8215 0.6090 0.6644 0.6050 0.7050 0.6996 0.8222 0.5999 0.7654 0.7576 0.7159 0.8389 0.8363 0.7114 0.6083 0.6774 0.6888 0.6583 0.7489 0.7563 0.6268 0.9157 0.6766 0.6897 0.6793 0.6038 0.6517 0.6269 0.7044 0.6416
En2        0.7647 0.3365 0.5889 0.3728 0.7164 0.7185 0.4863 0.7009 0.7237 0.6470 0.7220 0.7701 0.5182 0.6905 0.3710 0.7154 0.7313 0.7451 0.0000 0.7444 0.7554 0.6689 0.6139 0.6394 0.7834 0.6843 0.3453 0.4890 0.7446 0.4027 0.7186 0.7694 0.7413 0.6595 0.5764 0.7241 0.5397 0.7257 0.3554 0.6892 0.7367 0.4936 0.6440 0.3668 0.3664 0.7136 0.7603 0.7247 0.6816 0.7580 0.3949 0.3517 0.6188 0.8086 0.6408 0.7007 0.4107 0.6961 0.7161 0.7437 0.7223 0.7787
En3        0.3767 0.8151 0.5769 0.8569 0.6802 0.6927 0.7104 0.5644 0.7146 0.6710 0.5421 0.6102 0.6243 0.8203 0.8489 0.5841 0.5356 0.6988 0.7444 0.0000 0.7786 0.7088 0.6409 0.6087 0.8834 0.6463 0.6527 0.7409 0.5652 0.7565 0.7615 0.6900 0.8775 0.5624 0.6608 0.6854 0.6680 0.7574 0.8217 0.5347 0.8218 0.6878 0.6843 0.8363 0.8393 0.7152 0.6579 0.5947 0.6969 0.5725 0.7030 0.7897 0.5813 0.9825 0.6216 0.5652 0.6316 0.6083 0.5981 0.6811 0.6510 0.6662
Fi         0.7810 0.7995 0.7384 0.8300 0.7439 0.6953 0.7423 0.7024 0.6740 0.7892 0.7643 0.7820 0.7266 0.9033 0.8210 0.7857 0.7970 0.6475 0.7554 0.7786 0.0000 0.8336 0.6488 0.7128 0.8581 0.7992 0.7315 0.7739 0.8108 0.7427 0.7508 0.7237 0.8715 0.7051 0.7400 0.6723 0.7138 0.7240 0.7954 0.7226 0.7261 0.7926 0.7695 0.8170 0.8153 0.7802 0.7242 0.7410 0.7596 0.7817 0.7362 0.7486 0.7190 0.9004 0.7459 0.7904 0.7238 0.7150 0.7685 0.7164 0.7239 0.7102
Gg         0.7661 0.7535 0.7187 0.7700 0.8015 0.7911 0.6980 0.7725 0.8347 0.7135 0.6948 0.7127 0.6463 0.8312 0.7685 0.7830 0.7379 0.8325 0.6689 0.7088 0.8336 0.0000 0.7523 0.6751 0.9102 0.7136 0.6861 0.7515 0.7556 0.7855 0.8416 0.8441 0.8670 0.6626 0.7267 0.8140 0.6722 0.8045 0.7281 0.7336 0.8492 0.6810 0.7697 0.7609 0.7601 0.8104 0.8180 0.7230 0.7598 0.8111 0.6833 0.7479 0.7369 0.9550 0.6853 0.7255 0.6639 0.7855 0.7896 0.8138 0.7687 0.7819
Gl         0.6424 0.6899 0.5291 0.7249 0.6518 0.6584 0.5802 0.5637 0.5925 0.7086 0.6441 0.6802 0.5112 0.7647 0.7194 0.6416 0.6515 0.5830 0.6139 0.6409 0.6488 0.7523 0.0000 0.6055 0.8132 0.7317 0.5490 0.6335 0.6688 0.5603 0.6887 0.6262 0.8137 0.6137 0.5968 0.6023 0.5724 0.7129 0.6941 0.5918 0.6750 0.6417 0.6237 0.7077 0.7061 0.6863 0.6117 0.6363 0.6700 0.6360 0.6113 0.6259 0.5386 0.8646 0.6556 0.6712 0.5383 0.5634 0.6226 0.6346 0.6555 0.6388
Ha2        0.6547 0.7607 0.5854 0.7879 0.6624 0.6908 0.6559 0.5389 0.6195 0.6737 0.6051 0.6911 0.6244 0.7783 0.7800 0.6083 0.6328 0.6595 0.6394 0.6087 0.7128 0.6751 0.6055 0.0000 0.8633 0.7108 0.6265 0.7606 0.6615 0.6879 0.7328 0.6429 0.7736 0.5834 0.6008 0.6145 0.6493 0.6960 0.7614 0.5346 0.7171 0.6990 0.6955 0.7814 0.7797 0.6953 0.6579 0.6398 0.6902 0.6481 0.6422 0.6941 0.5440 0.8740 0.5628 0.5059 0.5751 0.5847 0.5973 0.6519 0.5961 0.6180
Ha3        0.8734 0.8218 0.8007 0.8436 0.8545 0.7786 0.7542 0.8366 0.8697 0.8294 0.8907 0.9163 0.8049 0.9512 0.8363 0.8900 0.9041 0.8611 0.7834 0.8834 0.8581 0.9102 0.8132 0.8633 0.0000 0.8464 0.8011 0.8372 0.9103 0.7937 0.8234 0.8726 0.8508 0.8272 0.7702 0.8581 0.8040 0.8026 0.8022 0.8526 0.8345 0.7885 0.8304 0.8319 0.8293 0.8311 0.8751 0.8486 0.7901 0.8626 0.8099 0.7750 0.8366 0.9553 0.7840 0.8577 0.7723 0.7899 0.8929 0.8312 0.8572 0.8823
Ha4        0.6904 0.8179 0.6321 0.8484 0.7433 0.6481 0.6769 0.6530 0.8194 0.3401 0.6606 0.7232 0.6466 0.8887 0.8434 0.6847 0.5745 0.7384 0.6843 0.6463 0.7992 0.7136 0.7317 0.7108 0.8464 0.0000 0.7077 0.8222 0.6002 0.7974 0.6935 0.7946 0.7072 0.5155 0.6305 0.7645 0.6901 0.6693 0.8151 0.6000 0.7363 0.6781 0.8049 0.8399 0.8391 0.7618 0.7144 0.6828 0.5564 0.7104 0.7661 0.7973 0.6524 0.9917 0.5698 0.6777 0.6472 0.7312 0.6927 0.7742 0.7387 0.7781
Ha5        0.6654 0.4018 0.4515 0.4494 0.6561 0.6633 0.4837 0.6257 0.6569 0.6853 0.6444 0.6951 0.4491 0.6998 0.4461 0.6419 0.6236 0.6936 0.3453 0.6527 0.7315 0.6861 0.5490 0.6265 0.8011 0.7077 0.0000 0.4312 0.6305 0.3681 0.7118 0.7169 0.8167 0.6353 0.5620 0.6799 0.5021 0.7403 0.4285 0.6264 0.7690 0.4960 0.5841 0.4297 0.4312 0.6655 0.6792 0.6379 0.6851 0.6613 0.3718 0.4068 0.5589 0.8637 0.6335 0.6561 0.3824 0.6465 0.6508 0.6731 0.6549 0.7220
He         0.7333 0.4849 0.6433 0.5010 0.6849 0.7642 0.5616 0.7646 0.7101 0.8221 0.6837 0.7436 0.5470 0.7692 0.5009 0.7375 0.7923 0.7314 0.4890 0.7409 0.7739 0.7515 0.6335 0.7606 0.8372 0.8222 0.4312 0.0000 0.8021 0.4777 0.7388 0.7814 0.8749 0.7649 0.6661 0.7500 0.6100 0.7962 0.5025 0.7456 0.8191 0.5140 0.4802 0.4623 0.4649 0.6970 0.7327 0.7015 0.7626 0.7075 0.4974 0.4760 0.6606 0.8929 0.7726 0.7838 0.4983 0.7141 0.7410 0.6978 0.7407 0.7744
Hg         0.6484 0.8241 0.5553 0.8564 0.7096 0.7062 0.7348 0.4949 0.7544 0.5981 0.5761 0.6505 0.6003 0.8535 0.8527 0.6165 0.2080 0.6822 0.7446 0.5652 0.8108 0.7556 0.6688 0.6615 0.9103 0.6002 0.6305 0.8021 0.0000 0.7776 0.7949 0.7176 0.8784 0.4814 0.6861 0.7051 0.7116 0.7911 0.8422 0.4960 0.8327 0.7408 0.7691 0.8474 0.8455 0.7677 0.6571 0.6580 0.6674 0.6169 0.7589 0.8117 0.6195 0.9820 0.6304 0.5980 0.6439 0.6762 0.6432 0.7186 0.7047 0.7121
Hk         0.7347 0.4384 0.5910 0.4689 0.6945 0.7217 0.5698 0.6783 0.6342 0.7682 0.7315 0.7737 0.5488 0.7242 0.4642 0.6984 0.7599 0.6837 0.4027 0.7565 0.7427 0.7855 0.5603 0.6879 0.7937 0.7974 0.3681 0.4777 0.7776 0.0000 0.7315 0.6622 0.8067 0.7244 0.6183 0.6933 0.5684 0.7831 0.4672 0.6931 0.7470 0.5755 0.6336 0.4576 0.4551 0.7065 0.6794 0.7349 0.7410 0.7437 0.4223 0.3944 0.6071 0.8317 0.7405 0.7271 0.4662 0.6406 0.6958 0.6526 0.6850 0.7195
Ht         0.7417 0.7781 0.6914 0.8184 0.6525 0.6211 0.6650 0.7462 0.7365 0.6702 0.7240 0.7983 0.6922 0.9489 0.8112 0.6373 0.7760 0.6754 0.7186 0.7615 0.7508 0.8416 0.6887 0.7328 0.8234 0.6935 0.7118 0.7388 0.7949 0.7315 0.0000 0.7091 0.7052 0.6694 0.5821 0.7383 0.6850 0.6407 0.7928 0.7003 0.7058 0.6670 0.7369 0.8061 0.8015 0.6339 0.6795 0.7133 0.6192 0.7073 0.7440 0.7054 0.6255 0.9688 0.6498 0.7169 0.6768 0.7017 0.6565 0.7119 0.7154 0.7822
Ii         0.6823 0.8144 0.6710 0.8466 0.6933 0.7228 0.7458 0.5841 0.5584 0.7787 0.6465 0.7264 0.6959 0.8475 0.8369 0.6622 0.6941 0.6257 0.7694 0.6900 0.7237 0.8441 0.6262 0.6429 0.8726 0.7946 0.7169 0.7814 0.7176 0.6622 0.7091 0.0000 0.8221 0.6498 0.6748 0.6455 0.7201 0.7506 0.8293 0.5739 0.7119 0.7854 0.7554 0.8362 0.8326 0.7373 0.5725 0.6952 0.7158 0.6618 0.7441 0.7267 0.6405 0.8769 0.7181 0.6570 0.6811 0.5699 0.6630 0.5862 0.6483 0.6347
La         0.8745 0.8440 0.8053 0.8576 0.8350 0.7621 0.7409 0.8065 0.8714 0.6429 0.8622 0.9209 0.7823 0.9856 0.8520 0.7830 0.8622 0.8215 0.7413 0.8775 0.8715 0.8670 0.8137 0.7736 0.8508 0.7072 0.8167 0.8749 0.8784 0.8067 0.7052 0.8221 0.0000 0.7385 0.6948 0.8232 0.7977 0.7267 0.8370 0.7964 0.7034 0.7918 0.8744 0.8570 0.8543 0.8303 0.8126 0.8850 0.6430 0.8493 0.8357 0.7887 0.7735 0.9507 0.6911 0.7866 0.7696 0.7928 0.8066 0.8259 0.8164 0.8590
Lc         0.6292 0.8035 0.5477 0.8528 0.6525 0.5945 0.6102 0.5185 0.6993 0.5026 0.5503 0.6167 0.5634 0.8275 0.8427 0.5761 0.4562 0.6090 0.6595 0.5624 0.7051 0.6626 0.6137 0.5834 0.8272 0.5155 0.6353 0.7649 0.4814 0.7244 0.6694 0.6498 0.7385 0.0000 0.5588 0.6182 0.6083 0.6691 0.7913 0.2928 0.6956 0.6570 0.7386 0.8406 0.8390 0.6898 0.6150 0.6039 0.5289 0.6195 0.6984 0.7642 0.5493 0.9123 0.4729 0.5111 0.5491 0.6142 0.5916 0.6640 0.6583 0.6511
Ld1        0.6541 0.6530 0.5330 0.7055 0.5953 0.6273 0.5629 0.6250 0.6682 0.5894 0.6251 0.7079 0.5559 0.8152 0.6995 0.5480 0.6539 0.6644 0.5764 0.6608 0.7400 0.7267 0.5968 0.6008 0.7702 0.6305 0.5620 0.6661 0.6861 0.6183 0.5821 0.6748 0.6948 0.5588 0.0000 0.6769 0.5564 0.6788 0.6942 0.5791 0.7329 0.5755 0.6629 0.6901 0.6913 0.5788 0.6362 0.6388 0.5656 0.6536 0.6138 0.6027 0.5059 0.8899 0.5387 0.5893 0.5034 0.5957 0.5736 0.6471 0.6542 0.7038
Ld2        0.6796 0.8048 0.6064 0.8454 0.6714 0.7063 0.6580 0.5835 0.6676 0.7458 0.6577 0.6569 0.6361 0.8552 0.8390 0.6698 0.6880 0.6050 0.7241 0.6854 0.6723 0.8140 0.6023 0.6145 0.8581 0.7645 0.6799 0.7500 0.7051 0.6933 0.7383 0.6455 0.8232 0.6182 0.6769 0.0000 0.6861 0.7434 0.7936 0.5962 0.7364 0.7609 0.7199 0.8336 0.8310 0.7127 0.6187 0.6300 0.6875 0.6568 0.7064 0.7452 0.6043 0.9229 0.6374 0.6516 0.6450 0.6080 0.6524 0.6448 0.6713 0.6121
Ln         0.6785 0.6190 0.5372 0.6673 0.6690 0.6668 0.5397 0.6634 0.6608 0.6588 0.6372 0.7066 0.5339 0.7610 0.6647 0.6450 0.6946 0.7050 0.5397 0.6680 0.7138 0.6722 0.5724 0.6493 0.8040 0.6901 0.5021 0.6100 0.7116 0.5684 0.6850 0.7201 0.7977 0.6083 0.5564 0.6861 0.0000 0.7158 0.6244 0.6458 0.7294 0.5079 0.6413 0.6543 0.6544 0.6787 0.7074 0.6581 0.6471 0.6994 0.5599 0.5700 0.5430 0.9128 0.6183 0.6723 0.4710 0.6666 0.6340 0.6870 0.6898 0.7065
Ma         0.7541 0.8207 0.7200 0.8514 0.7321 0.6314 0.7031 0.7077 0.6782 0.6596 0.7225 0.7718 0.7124 0.8643 0.8440 0.7172 0.7771 0.6996 0.7257 0.7574 0.7240 0.8045 0.7129 0.6960 0.8026 0.6693 0.7403 0.7962 0.7911 0.7831 0.6407 0.7506 0.7267 0.6691 0.6788 0.7434 0.7158 0.0000 0.8044 0.7052 0.7259 0.7013 0.7542 0.8390 0.8348 0.7140 0.7475 0.7401 0.6569 0.7362 0.7673 0.7636 0.7000 0.9636 0.6672 0.7484 0.7127 0.6804 0.7321 0.7238 0.7255 0.7483
Mc         0.8204 0.2391 0.6925 0.2048 0.7904 0.7872 0.5776 0.8155 0.7806 0.7975 0.8027 0.8106 0.6127 0.7293 0.2092 0.8207 0.8354 0.8222 0.3554 0.8217 0.7954 0.7281 0.6941 0.7614 0.8022 0.8151 0.4285 0.5025 0.8422 0.4672 0.7928 0.8293 0.8370 0.7913 0.6942 0.7936 0.6244 0.8044 0.0000 0.8086 0.8108 0.5779 0.6637 0.2159 0.2021 0.7748 0.8265 0.7824 0.8052 0.8350 0.4237 0.3138 0.7255 0.8367 0.7950 0.8236 0.5408 0.7733 0.8130 0.7918 0.8043 0.8027
Mg         0.5690 0.7972 0.5294 0.8451 0.6149 0.6066 0.6625 0.4844 0.6141 0.5849 0.5065 0.5806 0.5834 0.8076 0.8339 0.5407 0.4623 0.5999 0.6892 0.5347 0.7226 0.7336 0.5918 0.5346 0.8526 0.6000 0.6264 0.7456 0.4960 0.6931 0.7003 0.5739 0.7964 0.2928 0.5791 0.5962 0.6458 0.7052 0.8086 0.0000 0.7388 0.6926 0.7223 0.8316 0.8308 0.6796 0.5523 0.5901 0.5694 0.5585 0.6844 0.7533 0.5203 0.9101 0.5554 0.4957 0.5585 0.5452 0.5614 0.5875 0.6068 0.6070
Mm         0.8357 0.8170 0.7795 0.8300 0.8291 0.7194 0.7052 0.7134 0.7567 0.6855 0.8287 0.8811 0.7644 0.9119 0.8216 0.8379 0.8233 0.7654 0.7367 0.8218 0.7261 0.8492 0.6750 0.7171 0.8345 0.7363 0.7690 0.8191 0.8327 0.7470 0.7058 0.7119 0.7034 0.6956 0.7329 0.7364 0.7294 0.7259 0.8108 0.7388 0.0000 0.7798 0.8190 0.8266 0.8238 0.8430 0.7885 0.8331 0.6782 0.8400 0.8103 0.7457 0.7432 0.9094 0.6911 0.7846 0.7194 0.7237 0.8159 0.7713 0.7669 0.8003
Ne         0.7050 0.5749 0.5835 0.6177 0.6599 0.6824 0.4914 0.7328 0.7333 0.6657 0.4659 0.6068 0.5475 0.7759 0.6162 0.6503 0.7213 0.7576 0.4936 0.6878 0.7926 0.6810 0.6417 0.6990 0.7885 0.6781 0.4960 0.5140 0.7408 0.5755 0.6670 0.7854 0.7918 0.6570 0.5755 0.7609 0.5079 0.7013 0.5779 0.6926 0.7798 0.0000 0.6161 0.5960 0.5981 0.6627 0.6961 0.6843 0.6507 0.7185 0.5403 0.5539 0.5933 0.8915 0.6310 0.6987 0.4603 0.7089 0.6653 0.6891 0.7431 0.7231
Nl         0.7020 0.6519 0.6245 0.6626 0.6488 0.7507 0.6235 0.7114 0.6910 0.8064 0.6558 0.7286 0.5929 0.7677 0.6584 0.6933 0.7488 0.7159 0.6440 0.6843 0.7695 0.7697 0.6237 0.6955 0.8304 0.8049 0.5841 0.4802 0.7691 0.6336 0.7369 0.7554 0.8744 0.7386 0.6629 0.7199 0.6413 0.7542 0.6637 0.7223 0.8190 0.6161 0.0000 0.6356 0.6451 0.6742 0.7127 0.6580 0.7475 0.6611 0.6459 0.6326 0.6210 0.9290 0.7446 0.7387 0.6012 0.6772 0.6934 0.6880 0.7088 0.7345
Ox1        0.8324 0.1443 0.7087 0.0557 0.7878 0.8187 0.6154 0.8348 0.7751 0.8218 0.8195 0.8339 0.6378 0.7244 0.0619 0.8297 0.8445 0.8389 0.3668 0.8363 0.8170 0.7609 0.7077 0.7814 0.8319 0.8399 0.4297 0.4623 0.8474 0.4576 0.8061 0.8362 0.8570 0.8406 0.6901 0.8336 0.6543 0.8390 0.2159 0.8316 0.8266 0.5960 0.6356 0.0000 0.0607 0.7886 0.8319 0.7934 0.8321 0.8219 0.4671 0.2805 0.7456 0.8243 0.8431 0.8380 0.5741 0.7905 0.8272 0.8072 0.8105 0.8402
Ox2        0.8344 0.1489 0.7085 0.0549 0.7872 0.8161 0.6143 0.8347 0.7712 0.8211 0.8206 0.8333 0.6368 0.7216 0.0615 0.8304 0.8444 0.8363 0.3664 0.8393 0.8153 0.7601 0.7061 0.7797 0.8293 0.8391 0.4312 0.4649 0.8455 0.4551 0.8015 0.8326 0.8543 0.8390 0.6913 0.8310 0.6544 0.8348 0.2021 0.8308 0.8238 0.5981 0.6451 0.0607 0.0000 0.7870 0.8302 0.7945 0.8297 0.8210 0.4674 0.2707 0.7461 0.8208 0.8427 0.8412 0.5723 0.7864 0.8271 0.8060 0.8061 0.8382
Ph2        0.7075 0.7684 0.6352 0.8052 0.3443 0.7185 0.6849 0.7082 0.7174 0.7495 0.6526 0.7339 0.6580 0.8822 0.7999 0.6096 0.7357 0.7114 0.7136 0.7152 0.7802 0.8104 0.6863 0.6953 0.8311 0.7618 0.6655 0.6970 0.7677 0.7065 0.6339 0.7373 0.8303 0.6898 0.5788 0.7127 0.6787 0.7140 0.7748 0.6796 0.8430 0.6627 0.6742 0.7886 0.7870 0.0000 0.6754 0.6035 0.6949 0.6598 0.6974 0.7120 0.5779 0.9706 0.6785 0.6739 0.6270 0.6647 0.6199 0.6870 0.6915 0.7561
Pn         0.6201 0.8074 0.5989 0.8504 0.5963 0.6803 0.7056 0.5618 0.6204 0.7162 0.4843 0.5198 0.6237 0.8875 0.8416 0.5703 0.6295 0.6083 0.7603 0.6579 0.7242 0.8180 0.6117 0.6579 0.8751 0.7144 0.6792 0.7327 0.6571 0.6794 0.6795 0.5725 0.8126 0.6150 0.6362 0.6187 0.7074 0.7475 0.8265 0.5523 0.7885 0.6961 0.7127 0.8319 0.8302 0.6754 0.0000 0.6322 0.6826 0.5934 0.7161 0.7498 0.5596 0.8985 0.6789 0.6336 0.6563 0.6060 0.6010 0.5173 0.6399 0.5142
Ps         0.6268 0.7728 0.5730 0.8092 0.5627 0.6853 0.6624 0.6279 0.6797 0.6976 0.5578 0.6163 0.6232 0.8454 0.8024 0.6148 0.6297 0.6774 0.7247 0.5947 0.7410 0.7230 0.6363 0.6398 0.8486 0.6828 0.6379 0.7015 0.6580 0.7349 0.7133 0.6952 0.8850 0.6039 0.6388 0.6300 0.6581 0.7401 0.7824 0.5901 0.8331 0.6843 0.6580 0.7934 0.7945 0.6035 0.6322 0.0000 0.6685 0.5866 0.7018 0.7398 0.5741 0.9596 0.6534 0.6460 0.6137 0.6413 0.6240 0.6487 0.6154 0.6684
Pw         0.7060 0.7974 0.6232 0.8466 0.6769 0.5917 0.6029 0.6286 0.7231 0.5234 0.6509 0.7033 0.6432 0.8921 0.8388 0.6390 0.6386 0.6888 0.6816 0.6969 0.7596 0.7598 0.6700 0.6902 0.7901 0.5564 0.6851 0.7626 0.6674 0.7410 0.6192 0.7158 0.6430 0.5289 0.5656 0.6875 0.6471 0.6569 0.8052 0.5694 0.6782 0.6507 0.7475 0.8321 0.8297 0.6949 0.6826 0.6685 0.0000 0.6889 0.7667 0.7468 0.6052 0.9493 0.5181 0.6415 0.6016 0.6751 0.6638 0.6845 0.7106 0.7237
Py         0.6192 0.8069 0.5968 0.8410 0.6103 0.6980 0.6949 0.5782 0.6598 0.7219 0.5897 0.6721 0.6240 0.8663 0.8348 0.5796 0.6002 0.6583 0.7580 0.5725 0.7817 0.8111 0.6360 0.6481 0.8626 0.7104 0.6613 0.7075 0.6169 0.7437 0.7073 0.6618 0.8493 0.6195 0.6536 0.6568 0.6994 0.7362 0.8350 0.5585 0.8400 0.7185 0.6611 0.8219 0.8210 0.6598 0.5934 0.5866 0.6889 0.0000 0.7460 0.7769 0.5930 0.9870 0.6697 0.6013 0.6509 0.5911 0.6011 0.6470 0.6196 0.6927
Ra1        0.7037 0.4383 0.5650 0.4794 0.7134 0.7363 0.5367 0.7172 0.6996 0.7500 0.6928 0.7210 0.5124 0.7244 0.4790 0.7020 0.7458 0.7489 0.3949 0.7030 0.7362 0.6833 0.6113 0.6422 0.8099 0.7661 0.3718 0.4974 0.7589 0.4223 0.7440 0.7441 0.8357 0.6984 0.6138 0.7064 0.5599 0.7673 0.4237 0.6844 0.8103 0.5403 0.6459 0.4671 0.4674 0.6974 0.7161 0.7018 0.7667 0.7460 0.0000 0.4557 0.6150 0.8654 0.6982 0.6718 0.4572 0.6860 0.6995 0.6927 0.7178 0.7079
Ra2        0.7821 0.2723 0.6407 0.2799 0.7182 0.7341 0.5563 0.7413 0.6676 0.7732 0.7589 0.7945 0.5938 0.7092 0.2767 0.7571 0.8009 0.7563 0.3517 0.7897 0.7486 0.7479 0.6259 0.6941 0.7750 0.7973 0.4068 0.4760 0.8117 0.3944 0.7054 0.7267 0.7887 0.7642 0.6027 0.7452 0.5700 0.7636 0.3138 0.7533 0.7457 0.5539 0.6326 0.2805 0.2707 0.7120 0.7498 0.7398 0.7468 0.7769 0.4557 0.0000 0.6620 0.8027 0.7466 0.7614 0.5063 0.6969 0.7519 0.7192 0.7179 0.7669
Ra3        0.5925 0.7054 0.4744 0.7608 0.5275 0.6444 0.5907 0.5391 0.5958 0.6181 0.5577 0.6394 0.5137 0.7910 0.7532 0.3793 0.5837 0.6268 0.6188 0.5813 0.7190 0.7369 0.5386 0.5440 0.8366 0.6524 0.5589 0.6606 0.6195 0.6071 0.6255 0.6405 0.7735 0.5493 0.5059 0.6043 0.5430 0.7000 0.7255 0.5203 0.7432 0.5933 0.6210 0.7456 0.7461 0.5779 0.5596 0.5741 0.6052 0.5930 0.6150 0.6620 0.0000 0.9016 0.5787 0.5558 0.5278 0.5049 0.3662 0.5890 0.5859 0.6354
Ry1        0.9971 0.8296 0.9339 0.8225 0.9531 0.9511 0.8770 0.9081 0.8990 0.9614 0.9328 0.9835 0.8939 1.0000 0.8192 0.9793 0.9728 0.9157 0.8086 0.9825 0.9004 0.9550 0.8646 0.8740 0.9553 0.9917 0.8637 0.8929 0.9820 0.8317 0.9688 0.8769 0.9507 0.9123 0.8899 0.9229 0.9128 0.9636 0.8367 0.9101 0.9094 0.8915 0.9290 0.8243 0.8208 0.9706 0.8985 0.9596 0.9493 0.9870 0.8654 0.8027 0.9016 0.0000 0.9228 0.9366 0.8576 0.9025 0.9647 0.8924 0.9187 0.8615
Ry2        0.6628 0.8014 0.5757 0.8594 0.6716 0.5949 0.5434 0.5829 0.7534 0.4940 0.6308 0.6935 0.5971 0.8463 0.8522 0.6262 0.6082 0.6766 0.6408 0.6216 0.7459 0.6853 0.6556 0.5628 0.7840 0.5698 0.6335 0.7726 0.6304 0.7405 0.6498 0.7181 0.6911 0.4729 0.5387 0.6374 0.6183 0.6672 0.7950 0.5554 0.6911 0.6310 0.7446 0.8431 0.8427 0.6785 0.6789 0.6534 0.5181 0.6697 0.6982 0.7466 0.5787 0.9228 0.0000 0.4918 0.5208 0.6543 0.6371 0.7095 0.6947 0.7110
Se         0.6255 0.8086 0.5608 0.8536 0.6396 0.6718 0.6864 0.5514 0.6788 0.6375 0.5870 0.6830 0.6198 0.8657 0.8476 0.5638 0.5736 0.6897 0.7007 0.5652 0.7904 0.7255 0.6712 0.5059 0.8577 0.6777 0.6561 0.7838 0.5980 0.7271 0.7169 0.6570 0.7866 0.5111 0.5893 0.6516 0.6723 0.7484 0.8236 0.4957 0.7846 0.6987 0.7387 0.8380 0.8412 0.6739 0.6336 0.6460 0.6415 0.6013 0.6718 0.7614 0.5558 0.9366 0.4918 0.0000 0.5891 0.6162 0.5918 0.6641 0.6426 0.6890
Sl1        0.6628 0.5369 0.4825 0.5910 0.6141 0.6386 0.4211 0.6064 0.6493 0.6109 0.6095 0.6715 0.4468 0.7114 0.5869 0.6262 0.6278 0.6793 0.4107 0.6316 0.7238 0.6639 0.5383 0.5751 0.7723 0.6472 0.3824 0.4983 0.6439 0.4662 0.6768 0.6811 0.7696 0.5491 0.5034 0.6450 0.4710 0.7127 0.5408 0.5585 0.7194 0.4603 0.6012 0.5741 0.5723 0.6270 0.6563 0.6137 0.6016 0.6509 0.4572 0.5063 0.5278 0.8576 0.5208 0.5891 0.0000 0.6151 0.6388 0.6582 0.6453 0.6987
Sl2        0.6351 0.7644 0.5921 0.8046 0.6263 0.6760 0.6731 0.5489 0.5737 0.7034 0.6104 0.6777 0.6086 0.7877 0.7959 0.5670 0.6550 0.6038 0.6961 0.6083 0.7150 0.7855 0.5634 0.5847 0.7899 0.7312 0.6465 0.7141 0.6762 0.6406 0.7017 0.5699 0.7928 0.6142 0.5957 0.6080 0.6666 0.6804 0.7733 0.5452 0.7237 0.7089 0.6772 0.7905 0.7864 0.6647 0.6060 0.6413 0.6751 0.5911 0.6860 0.6969 0.5049 0.9025 0.6543 0.6162 0.6151 0.0000 0.5517 0.5570 0.6303 0.6089
Tc1        0.6189 0.7892 0.5800 0.8418 0.5716 0.7172 0.6949 0.5688 0.6600 0.6753 0.5688 0.6622 0.6053 0.8610 0.8349 0.2920 0.6037 0.6517 0.7161 0.5981 0.7685 0.7896 0.6226 0.5973 0.8929 0.6927 0.6508 0.7410 0.6432 0.6958 0.6565 0.6630 0.8066 0.5916 0.5736 0.6524 0.6340 0.7321 0.8130 0.5614 0.8159 0.6653 0.6934 0.8272 0.8271 0.6199 0.6010 0.6240 0.6638 0.6011 0.6995 0.7519 0.3662 0.9647 0.6371 0.5918 0.6388 0.5517 0.0000 0.6220 0.6281 0.6523
Tc2        0.6583 0.7842 0.6232 0.8255 0.6226 0.6968 0.7011 0.5999 0.5885 0.7775 0.5131 0.6062 0.6394 0.8616 0.8176 0.6030 0.6831 0.6269 0.7437 0.6811 0.7164 0.8138 0.6346 0.6519 0.8312 0.7742 0.6731 0.6978 0.7186 0.6526 0.7119 0.5862 0.8259 0.6640 0.6471 0.6448 0.6870 0.7238 0.7918 0.5875 0.7713 0.6891 0.6880 0.8072 0.8060 0.6870 0.5173 0.6487 0.6845 0.6470 0.6927 0.7192 0.5890 0.8924 0.7095 0.6641 0.6582 0.5570 0.6220 0.0000 0.6319 0.5651
To1        0.6641 0.7843 0.6132 0.8246 0.6453 0.7027 0.6916 0.6051 0.6265 0.7232 0.6327 0.7261 0.6690 0.8412 0.8155 0.6173 0.6708 0.7044 0.7223 0.6510 0.7239 0.7687 0.6555 0.5961 0.8572 0.7387 0.6549 0.7407 0.7047 0.6850 0.7154 0.6483 0.8164 0.6583 0.6542 0.6713 0.6898 0.7255 0.8043 0.6068 0.7669 0.7431 0.7088 0.8105 0.8061 0.6915 0.6399 0.6154 0.7106 0.6196 0.7178 0.7179 0.5859 0.9187 0.6947 0.6426 0.6453 0.6303 0.6281 0.6319 0.0000 0.7074
Wy         0.6538 0.8222 0.6264 0.8516 0.7049 0.7394 0.7412 0.6000 0.6348 0.7868 0.5075 0.4406 0.6812 0.8414 0.8424 0.6642 0.6909 0.6416 0.7787 0.6662 0.7102 0.7819 0.6388 0.6180 0.8823 0.7781 0.7220 0.7744 0.7121 0.7195 0.7822 0.6347 0.8590 0.6511 0.7038 0.6121 0.7065 0.7483 0.8027 0.6070 0.8003 0.7231 0.7345 0.8402 0.8382 0.7561 0.5142 0.6684 0.7237 0.6927 0.7079 0.7669 0.6354 0.8615 0.7110 0.6890 0.6987 0.6089 0.6523 0.5651 0.7074 0.0000
